$ANSIBLE_VAULT;1.1;AES256
32636436653136333736386330356132613536656637323566343737336262333661633830323933
3834363864663636336638636337633461336632666338370a323962633936396636373736643966
35316163366430316335356662393162666664366230353937613337616231613164633931343263
3264636236346534300a613964373662633962356632373931646464336233656131326234313164
65333465356363313964336438306633613565313031663339633562666366623866633835326236
66383862303461613535393139323166316165626433643931383630316665313861303766643763
38316432313831633037353238313162366165313434353239313561303462643461616332633364
35663430353039623633656538633630346431663766393861333537626139383361313662613431
66353062323930306232366331666166356465366133363038626463346339383437386461333637
33313461363766326531386666633239383636386438643834643031353937656139653361383466
33323165333266616464646231643261323033313332333838636465393436373437353135383762
33333230626261383636383936323833303633636137333031393763376335306562323666313630
66363031613234613834373831366433623463353738346539666165326363633738316562613664
34373139343737663061353433343964373231656165636637633965336530363734383464333737
37313862396666346434633030663662623035373432353566653937373035623337356639646465
33623235386662666231386534326439623430313766333838663764313333663339353865373237
34363939626365366562323665303264373831613733396262626239636431623739306137386637
38633638666537386439323336643534656130636462376534356663386361626539666432633632
34386230383266636366376461653632386539393533386534646265653963666636303137333636
31383366613633623932336361656533613330336562636139646433643765626234396537353939
65623634666461353633643663666231643136656462663164643264353436633933373137353734
33313834663330643239333637343039393338666635613161643061636330346163613738376366
33613362643036353665383364623033376663333130616637313165346563663035313864666234
36643134313165666532643063363731353636336266333137636232326661643035643663323437
61343531633837636664613039333439303035303633316639333861356138383463306233386332
31396463323130663862666262336665336230373565636161663738646663353931663936366437
66363439656164613761393564323763633636626466333034623239363931353961353734646632
33353838386630616439356139663662306561656364623466383863356434323035343463313135
34643735666261356438393264393361333066626534363033633964396463383532366565373861
31323439616665323437353532376339653834623366376231346362383037393030663930396630
35353666633631383535313666626236313330653234383038373231666432613834373162633736
31663964623933363535663264306136323635316334626334353835623132636530643363386339
63663461623937343138666338613933356263653332393437316136633466386363626232623832
37386263303434623132363030333932626238613833643838646133663762323466666262303834
65356164373635386131333033343565306237393664333266346666663134303536663961386332
61323135303135356539613837663065363730623339326337383434383132626434346365353330
63643433316432323365376331373038653037313739383262396139323164393761343437373334
62663362646461643434313161643339316535353734656363356365646637643639353436353133
32376234393636613239346137326363666565633462663630396361326239316334613961633135
63666533393832623465613338306662623638303936623333396133333932313864393939353939
34623134323865666461313966646663356632653630633365653338626339613239
